we;luhansk
arbitrary_borders;ukraine
we;luhansk
